rgb(000,000,000)  rgb(000,000,000)  rgb(000,000,000)  rgb(000,000,000)  rgb(000,000,000)  rgb(000,000,000)  rgb(255,255,255)  rgb(255,000,000)  rgb(255,000,000)  rgb(255,255,255)  rgb(255,255,255)  rgb(000,000,000)  rgb(000,000,000)  rgb(000,000,000)  rgb(000,000,000)  rgb(000,000,000)  
rgb(000,000,000)  rgb(000,000,000)  rgb(000,000,000)  rgb(000,000,000)  rgb(000,000,000)  rgb(255,255,255)  rgb(255,255,255)  rgb(255,000,000)  rgb(255,000,000)  rgb(255,000,000)  rgb(255,255,255)  rgb(255,255,255)  rgb(000,000,000)  rgb(000,000,000)  rgb(000,000,000)  rgb(000,000,000)  
rgb(000,000,000)  rgb(000,000,000)  rgb(000,000,000)  rgb(000,000,000)  rgb(255,000,000)  rgb(255,255,255)  rgb(255,255,255)  rgb(255,255,255)  rgb(255,000,000)  rgb(255,000,000)  rgb(255,000,000)  rgb(255,255,255)  rgb(255,255,255)  rgb(000,000,000)  rgb(000,000,000)  rgb(000,000,000)  
rgb(000,000,000)  rgb(000,000,000)  rgb(000,000,000)  rgb(255,000,000)  rgb(255,000,000)  rgb(255,000,000)  rgb(255,255,255)  rgb(255,255,255)  rgb(255,255,255)  rgb(255,000,000)  rgb(255,000,000)  rgb(255,255,255)  rgb(255,000,000)  rgb(255,000,000)  rgb(000,000,000)  rgb(000,000,000)  
rgb(000,000,000)  rgb(000,000,000)  rgb(000,000,000)  rgb(255,255,255)  rgb(255,000,000)  rgb(255,000,000)  rgb(255,000,000)  rgb(000,000,000)  rgb(000,000,000)  rgb(000,000,000)  rgb(000,000,000)  rgb(255,000,000)  rgb(255,000,000)  rgb(255,000,000)  rgb(000,000,000)  rgb(000,000,000)  
rgb(000,000,000)  rgb(000,000,000)  rgb(000,000,000)  rgb(255,255,255)  rgb(255,255,255)  rgb(255,000,000)  rgb(255,000,000)  rgb(000,000,000)  rgb(000,000,000)  rgb(000,000,000)  rgb(000,000,000)  rgb(255,000,000)  rgb(255,000,000)  rgb(255,255,255)  rgb(000,000,000)  rgb(000,000,000)  
rgb(000,000,000)  rgb(000,000,000)  rgb(000,000,000)  rgb(255,255,255)  rgb(255,255,255)  rgb(255,255,255)  rgb(255,000,000)  rgb(000,000,000)  rgb(000,000,000)  rgb(000,000,000)  rgb(000,000,000)  rgb(255,255,255)  rgb(255,255,255)  rgb(255,255,255)  rgb(000,000,000)  rgb(000,000,000)  
rgb(000,000,000)  rgb(000,000,000)  rgb(000,000,000)  rgb(255,000,000)  rgb(255,255,255)  rgb(255,255,255)  rgb(255,255,255)  rgb(000,000,000)  rgb(000,000,000)  rgb(000,000,000)  rgb(000,000,000)  rgb(000,000,000)  rgb(000,000,000)  rgb(000,000,000)  rgb(000,000,000)  rgb(000,000,000)  
rgb(000,000,000)  rgb(000,000,000)  rgb(000,000,000)  rgb(255,000,000)  rgb(255,000,000)  rgb(255,255,255)  rgb(255,255,255)  rgb(000,000,000)  rgb(000,000,000)  rgb(000,000,000)  rgb(000,000,000)  rgb(000,000,000)  rgb(000,000,000)  rgb(000,000,000)  rgb(000,000,000)  rgb(000,000,000)  
rgb(000,000,000)  rgb(000,000,000)  rgb(000,000,000)  rgb(255,000,000)  rgb(255,000,000)  rgb(255,000,000)  rgb(255,255,255)  rgb(000,000,000)  rgb(000,000,000)  rgb(000,000,000)  rgb(000,000,000)  rgb(000,000,000)  rgb(000,000,000)  rgb(000,000,000)  rgb(000,000,000)  rgb(000,000,000)  
rgb(000,000,000)  rgb(000,000,000)  rgb(000,000,000)  rgb(255,255,255)  rgb(255,000,000)  rgb(255,000,000)  rgb(255,000,000)  rgb(000,000,000)  rgb(000,000,000)  rgb(000,000,000)  rgb(000,000,000)  rgb(000,000,000)  rgb(000,000,000)  rgb(000,000,000)  rgb(000,000,000)  rgb(000,000,000)  
rgb(000,000,000)  rgb(000,000,000)  rgb(000,000,000)  rgb(255,255,255)  rgb(255,255,255)  rgb(255,000,000)  rgb(255,000,000)  rgb(000,000,000)  rgb(000,000,000)  rgb(000,000,000)  rgb(000,000,000)  rgb(000,000,000)  rgb(000,000,000)  rgb(000,000,000)  rgb(000,000,000)  rgb(000,000,000)  
rgb(000,000,000)  rgb(000,000,000)  rgb(000,000,000)  rgb(255,255,255)  rgb(255,255,255)  rgb(255,255,255)  rgb(255,000,000)  rgb(000,000,000)  rgb(000,000,000)  rgb(000,000,000)  rgb(000,000,000)  rgb(000,000,000)  rgb(000,000,000)  rgb(000,000,000)  rgb(000,000,000)  rgb(000,000,000)  
rgb(000,000,000)  rgb(000,000,000)  rgb(000,000,000)  rgb(255,000,000)  rgb(255,255,255)  rgb(255,255,255)  rgb(255,255,255)  rgb(000,000,000)  rgb(000,000,000)  rgb(000,000,000)  rgb(000,000,000)  rgb(000,000,000)  rgb(000,000,000)  rgb(000,000,000)  rgb(000,000,000)  rgb(000,000,000)  
rgb(000,000,000)  rgb(000,000,000)  rgb(000,000,000)  rgb(255,000,000)  rgb(255,000,000)  rgb(255,255,255)  rgb(255,255,255)  rgb(000,000,000)  rgb(000,000,000)  rgb(000,000,000)  rgb(000,000,000)  rgb(000,000,000)  rgb(000,000,000)  rgb(000,000,000)  rgb(000,000,000)  rgb(000,000,000)  
rgb(000,000,000)  rgb(000,000,000)  rgb(000,000,000)  rgb(255,255,255)  rgb(255,000,000)  rgb(255,000,000)  rgb(255,255,255)  rgb(000,000,000)  rgb(000,000,000)  rgb(000,000,000)  rgb(000,000,000)  rgb(000,000,000)  rgb(000,000,000)  rgb(000,000,000)  rgb(000,000,000)  rgb(000,000,000)  