rgb(0,0,0)
rgb(60,20,11,1)
rgb(0,0,0)
rgb(66,19,9,1)
rgb(0,0,0)
rgb(0,0,0)
rgb(0,0,0)
rgb(0,0,0)
rgb(0,0,0)
rgb(0,0,0)
rgb(0,0,0)
rgb(0,0,0)
rgb(57,27,12,1)
rgb(0,0,0)
rgb(57,27,12,1)
rgb(0,0,0)
rgb(0,0,0)
rgb(0,0,0)
rgb(58,25,13,1)
rgb(0,0,0)
rgb(0,0,0)
rgb(0,0,0)
rgb(66,21,9,1)
rgb(0,0,0)
rgb(0,0,0)
rgb(68,15,1,1)
rgb(0,0,0)
rgb(0,0,0)
rgb(0,0,0)
rgb(62,25,10,1)
rgb(0,0,0)
rgb(0,0,0)
rgb(0,0,0)
rgb(0,0,0)
rgb(0,0,0)
rgb(62,25,10,1)
rgb(0,0,0)
rgb(0,0,0)
rgb(58,26,11,1)
rgb(0,0,0)
rgb(0,0,0)
rgb(60,26,13,1)
rgb(0,0,0)
rgb(0,0,0)
rgb(63,24,11,1)
rgb(0,0,0)
rgb(0,0,0)
rgb(0,0,0)
rgb(0,0,0)
rgb(0,0,0)
rgb(0,0,0)
rgb(0,0,0)
rgb(61,28,12,1)
rgb(63,26,11,1)
rgb(0,0,0)
rgb(0,0,0)
rgb(0,0,0)
rgb(0,0,0)
rgb(64,21,10,1)
rgb(66,21,9,1)
rgb(0,0,0)
rgb(0,0,0)
rgb(0,0,0)
rgb(0,0,0)
rgb(215,99,43,1)
rgb(214,83,40,1)
rgb(0,0,0)
rgb(0,0,0)
rgb(0,0,0)
rgb(58,25,13,1)
rgb(61,21,12,1)
rgb(0,0,0)
rgb(0,0,0)
rgb(65,35,25,1)
rgb(61,28,12,1)
rgb(0,0,0)
rgb(0,0,0)
rgb(0,0,0)
rgb(214,86,40,1)
rgb(215,100,44,1)
rgb(220,137,72,1)
rgb(215,101,43,1)
rgb(214,76,40,1)
rgb(0,0,0)
rgb(0,0,0)
rgb(0,0,0)
rgb(61,17,9,1)
rgb(0,0,0)
rgb(0,0,0)
rgb(62,25,10,1)
rgb(0,0,0)
rgb(0,0,0)
rgb(0,0,0)
rgb(214,76,40,1)
rgb(215,105,44,1)
rgb(222,140,78,1)
rgb(220,135,71,1)
rgb(221,138,73,1)
rgb(215,97,43,1)
rgb(217,118,54,1)
rgb(0,0,0)
rgb(221,141,73,1)
rgb(92,49,0,1)
rgb(225,163,94,1)
rgb(225,162,94,1)
rgb(98,56,0,1)
rgb(220,137,70,1)
rgb(0,0,0)
rgb(214,83,40,1)
rgb(215,105,43,1)
rgb(220,140,71,1)
rgb(220,141,72,1)
rgb(0,0,0)
rgb(221,146,76,1)
rgb(220,138,72,1)
rgb(211,75,39,1)
rgb(220,137,72,1)
rgb(221,138,75,1)
rgb(221,139,74,1)
rgb(221,141,73,1)
rgb(221,145,75,1)
rgb(221,142,73,1)
rgb(220,136,71,1)
rgb(221,139,74,1)
rgb(214,77,40,1)
rgb(221,143,74,1)
rgb(221,139,75,1)
rgb(0,0,0)
rgb(0,0,0)
rgb(0,0,0)
rgb(0,0,0)
rgb(225,163,95,1)
rgb(231,195,130,1)
rgb(221,142,73,1)
rgb(221,145,75,1)
rgb(225,162,98,1)
rgb(225,163,95,1)
rgb(220,138,72,1)
rgb(221,139,73,1)
rgb(231,192,128,1)
rgb(225,166,95,1)
rgb(0,0,0)
rgb(0,0,0)
rgb(0,0,0)
rgb(0,0,0)
rgb(0,0,0)
rgb(0,0,0)
rgb(0,0,0)
rgb(107,52,20,1)
rgb(231,193,130,1)
rgb(225,162,94,1)
rgb(225,161,94,1)
rgb(225,163,94,1)
rgb(225,162,95,1)
rgb(232,196,134,1)
rgb(110,55,20,1)
rgb(0,0,0)
rgb(0,0,0)
rgb(0,0,0)
rgb(0,0,0)
rgb(0,0,0)
rgb(0,0,0)
rgb(0,0,0)
rgb(0,0,0)
rgb(188,114,41,1)
rgb(139,88,32,1)
rgb(220,140,71,1)
rgb(224,161,92,1)
rgb(225,158,94,1)
rgb(221,138,73,1)
rgb(141,84,30,1)
rgb(185,112,41,1)
rgb(0,0,0)
rgb(0,0,0)
rgb(0,0,0)
rgb(0,0,0)
rgb(0,0,0)
rgb(0,0,0)
rgb(0,0,0)
rgb(0,0,0)
rgb(0,0,0)
rgb(214,82,40,1)
rgb(215,99,43,1)
rgb(231,195,131,1)
rgb(231,193,128,1)
rgb(215,99,43,1)
rgb(214,81,40,1)
rgb(0,0,0)
rgb(0,0,0)
rgb(0,0,0)
rgb(0,0,0)
rgb(0,0,0)
rgb(0,0,0)
rgb(0,0,0)
rgb(0,0,0)
rgb(0,0,0)
rgb(0,0,0)
rgb(220,136,70,1)
rgb(215,97,43,1)
rgb(232,196,134,1)
rgb(231,194,128,1)
rgb(215,99,43,1)
rgb(220,136,70,1)
rgb(0,0,0)
rgb(0,0,0)
rgb(0,0,0)
rgb(0,0,0)
rgb(0,0,0)
rgb(0,0,0)
rgb(0,0,0)
rgb(0,0,0)
rgb(0,0,0)
rgb(0,0,0)
rgb(220,137,71,1)
rgb(221,143,75,1)
rgb(226,0,29,1)
rgb(223,0,17,1)
rgb(221,139,73,1)
rgb(221,141,73,1)
rgb(0,0,0)
rgb(0,0,0)
rgb(0,0,0)
rgb(0,0,0)
rgb(0,0,0)
rgb(0,0,0)
rgb(0,0,0)
rgb(0,0,0)
rgb(0,0,0)
rgb(0,0,0)
rgb(0,0,0)
rgb(215,97,43,1)
rgb(254,19,0,1)
rgb(255,35,1,1)
rgb(215,99,43,1)
rgb(0,0,0)
rgb(0,0,0)
rgb(0,0,0)
rgb(0,0,0)
rgb(0,0,0)
rgb(0,0,0)
rgb(0,0,0)
rgb(0,0,0)
rgb(0,0,0)
rgb(0,0,0)
rgb(0,0,0)
rgb(0,0,0)
rgb(0,0,0)
rgb(215,100,43,1)
rgb(215,103,43,1)
rgb(0,0,0)
rgb(0,0,0)
rgb(0,0,0)
rgb(0,0,0)
rgb(0,0,0)
rgb(0,0,0)
rgb(0,0,0)
