rgb(0,0,0)
rgb(0,0,0)
rgb(0,0,0)
rgb(245,29,45,1)
rgb(243,30,46,1)
rgb(0,0,0)
rgb(0,0,0)
rgb(0,0,0)
rgb(0,0,0)
rgb(0,0,0)
rgb(0,0,0)
rgb(246,30,46,1)
rgb(244,29,45,1)
rgb(0,0,0)
rgb(0,0,0)
rgb(0,0,0)
rgb(0,0,0)
rgb(0,0,0)
rgb(245,29,44,1)
rgb(244,29,47,1)
rgb(246,29,47,1)
rgb(245,30,47,1)
rgb(0,0,0)
rgb(0,0,0)
rgb(0,0,0)
rgb(0,0,0)
rgb(246,29,47,1)
rgb(246,29,47,1)
rgb(244,29,45,1)
rgb(246,29,44,1)
rgb(0,0,0)
rgb(0,0,0)
rgb(0,0,0)
rgb(246,30,46,1)
rgb(246,63,62,1)
rgb(246,29,46,1)
rgb(246,28,46,1)
rgb(244,29,46,1)
rgb(245,29,45,1)
rgb(0,0,0)
rgb(0,0,0)
rgb(244,29,45,1)
rgb(246,29,45,1)
rgb(246,28,49,1)
rgb(247,29,47,1)
rgb(246,59,63,1)
rgb(245,30,46,1)
rgb(0,0,0)
rgb(0,0,0)
rgb(246,29,50,1)
rgb(247,29,45,1)
rgb(246,58,62,1)
rgb(245,29,45,1)
rgb(246,29,46,1)
rgb(245,28,45,1)
rgb(0,0,0)
rgb(0,0,0)
rgb(244,29,45,1)
rgb(245,30,50,1)
rgb(249,30,49,1)
rgb(246,62,60,1)
rgb(246,29,46,1)
rgb(245,29,49,1)
rgb(0,0,0)
rgb(0,0,0)
rgb(0,0,0)
rgb(245,29,49,1)
rgb(245,30,47,1)
rgb(246,58,58,1)
rgb(246,28,46,1)
rgb(246,29,44,1)
rgb(222,12,17,1)
rgb(227,10,17,1)
rgb(246,29,46,1)
rgb(246,29,45,1)
rgb(246,59,63,1)
rgb(246,29,44,1)
rgb(246,29,47,1)
rgb(0,0,0)
rgb(0,0,0)
rgb(0,0,0)
rgb(0,0,0)
rgb(0,0,0)
rgb(224,11,16,1)
rgb(224,11,17,1)
rgb(225,10,18,1)
rgb(224,11,16,1)
rgb(225,12,13,1)
rgb(224,11,16,1)
rgb(226,11,17,1)
rgb(226,11,16,1)
rgb(223,12,17,1)
rgb(224,11,16,1)
rgb(0,0,0)
rgb(0,0,0)
rgb(0,0,0)
rgb(245,29,45,1)
rgb(245,29,51,1)
rgb(246,29,44,1)
rgb(246,29,50,1)
rgb(246,29,45,1)
rgb(246,29,47,1)
rgb(225,11,14,1)
rgb(244,29,49,1)
rgb(246,28,49,1)
rgb(224,11,18,1)
rgb(246,29,47,1)
rgb(246,29,46,1)
rgb(246,29,50,1)
rgb(246,29,45,1)
rgb(247,29,47,1)
rgb(248,29,45,1)
rgb(246,29,45,1)
rgb(246,29,50,1)
rgb(246,29,47,1)
rgb(246,29,45,1)
rgb(246,30,45,1)
rgb(246,30,46,1)
rgb(227,10,16,1)
rgb(246,29,47,1)
rgb(246,29,46,1)
rgb(222,11,15,1)
rgb(247,29,46,1)
rgb(245,29,44,1)
rgb(246,29,44,1)
rgb(246,29,50,1)
rgb(246,30,46,1)
rgb(246,29,47,1)
rgb(220,12,16,1)
rgb(224,11,15,1)
rgb(225,11,14,1)
rgb(224,10,16,1)
rgb(227,10,18,1)
rgb(224,11,17,1)
rgb(225,11,14,1)
rgb(246,30,46,1)
rgb(245,30,47,1)
rgb(225,11,17,1)
rgb(224,10,16,1)
rgb(225,11,17,1)
rgb(224,11,16,1)
rgb(224,11,19,1)
rgb(224,11,18,1)
rgb(224,11,17,1)
rgb(0,0,0)
rgb(235,119,15,1)
rgb(254,199,25,1)
rgb(254,154,6,1)
rgb(253,202,29,1)
rgb(253,155,6,1)
rgb(224,11,16,1)
rgb(245,29,46,1)
rgb(248,29,46,1)
rgb(227,10,16,1)
rgb(251,156,8,1)
rgb(252,201,25,1)
rgb(253,151,7,1)
rgb(255,199,26,1)
rgb(233,119,14,1)
rgb(0,0,0)
rgb(0,0,0)
rgb(232,117,14,1)
rgb(254,151,9,1)
rgb(254,201,25,1)
rgb(254,155,7,1)
rgb(254,199,29,1)
rgb(224,10,16,1)
rgb(245,29,44,1)
rgb(246,30,45,1)
rgb(224,11,16,1)
rgb(254,202,26,1)
rgb(253,155,7,1)
rgb(255,201,28,1)
rgb(253,151,7,1)
rgb(236,117,15,1)
rgb(0,0,0)
rgb(0,0,0)
rgb(236,116,13,1)
rgb(255,199,29,1)
rgb(252,154,7,1)
rgb(255,199,26,1)
rgb(254,156,8,1)
rgb(227,10,16,1)
rgb(244,29,46,1)
rgb(245,29,45,1)
rgb(224,12,16,1)
rgb(254,151,9,1)
rgb(255,199,27,1)
rgb(254,154,8,1)
rgb(254,203,25,1)
rgb(235,117,17,1)
rgb(0,0,0)
rgb(0,0,0)
rgb(234,117,14,1)
rgb(252,151,8,1)
rgb(254,199,25,1)
rgb(251,154,8,1)
rgb(254,201,29,1)
rgb(225,10,17,1)
rgb(245,29,49,1)
rgb(247,29,47,1)
rgb(224,11,14,1)
rgb(255,199,26,1)
rgb(254,154,7,1)
rgb(254,199,25,1)
rgb(254,154,7,1)
rgb(236,117,15,1)
rgb(0,0,0)
rgb(0,0,0)
rgb(234,117,14,1)
rgb(254,201,26,1)
rgb(254,150,9,1)
rgb(255,202,28,1)
rgb(254,154,8,1)
rgb(225,11,16,1)
rgb(246,30,46,1)
rgb(246,29,46,1)
rgb(224,11,15,1)
rgb(252,154,7,1)
rgb(255,202,25,1)
rgb(254,154,8,1)
rgb(254,201,27,1)
rgb(233,120,14,1)
rgb(0,0,0)
rgb(0,0,0)
rgb(233,120,16,1)
rgb(254,151,9,1)
rgb(254,202,28,1)
rgb(252,154,7,1)
rgb(254,201,26,1)
rgb(224,11,16,1)
rgb(245,30,47,1)
rgb(246,29,46,1)
rgb(224,11,18,1)
rgb(252,202,24,1)
rgb(254,150,7,1)
rgb(254,201,24,1)
rgb(253,155,8,1)
rgb(235,116,14,1)
rgb(0,0,0)
rgb(0,0,0)
rgb(209,91,18,1)
rgb(212,91,16,1)
rgb(210,94,16,1)
rgb(212,91,16,1)
rgb(210,93,18,1)
rgb(225,11,17,1)
rgb(224,11,14,1)
rgb(224,11,15,1)
rgb(224,11,14,1)
rgb(212,90,18,1)
rgb(212,93,18,1)
rgb(211,91,18,1)
rgb(213,91,17,1)
rgb(211,91,18,1)
rgb(0,0,0)
