rgb(0,0,0)
rgb(0,0,0)
rgb(0,0,0)
rgb(0,0,0)
rgb(0,0,0)
rgb(0,0,0)
rgb(0,0,0)
rgb(192,0,32,1)
rgb(195,0,32,1)
rgb(192,0,32,1)
rgb(194,0,38,1)
rgb(217,0,44,1)
rgb(0,0,0)
rgb(0,0,0)
rgb(0,0,0)
rgb(0,0,0)
rgb(0,0,0)
rgb(0,0,0)
rgb(0,0,0)
rgb(0,0,0)
rgb(0,0,0)
rgb(196,0,45,1)
rgb(194,0,36,1)
rgb(213,0,38,1)
rgb(217,0,49,1)
rgb(217,0,44,1)
rgb(215,0,39,1)
rgb(214,0,44,1)
rgb(217,0,44,1)
rgb(0,0,0)
rgb(0,0,0)
rgb(0,0,0)
rgb(0,0,0)
rgb(0,0,0)
rgb(0,0,0)
rgb(0,0,0)
rgb(192,0,37,1)
rgb(215,0,42,1)
rgb(214,0,42,1)
rgb(236,0,44,1)
rgb(234,0,45,1)
rgb(196,0,36,1)
rgb(193,0,36,1)
rgb(196,0,45,1)
rgb(166,0,28,1)
rgb(168,0,28,1)
rgb(0,0,0)
rgb(0,0,0)
rgb(0,0,0)
rgb(0,0,0)
rgb(0,0,0)
rgb(0,0,0)
rgb(195,0,37,1)
rgb(213,0,43,1)
rgb(232,0,43,1)
rgb(234,0,45,1)
rgb(194,0,38,1)
rgb(195,0,36,1)
rgb(167,0,27,1)
rgb(0,0,0)
rgb(0,0,0)
rgb(156,222,229,1)
rgb(215,244,249,1)
rgb(0,0,0)
rgb(0,0,0)
rgb(0,0,0)
rgb(0,0,0)
rgb(194,0,39,1)
rgb(215,0,43,1)
rgb(233,0,45,1)
rgb(233,0,42,1)
rgb(215,0,39,1)
rgb(215,0,45,1)
rgb(194,0,43,1)
rgb(194,0,36,1)
rgb(0,0,0)
rgb(186,237,246,1)
rgb(213,246,249,1)
rgb(235,249,252,1)
rgb(216,244,250,1)
rgb(0,0,0)
rgb(0,0,0)
rgb(195,0,38,1)
rgb(217,0,45,1)
rgb(232,0,37,1)
rgb(234,0,49,1)
rgb(233,0,42,1)
rgb(215,0,44,1)
rgb(192,0,37,1)
rgb(195,0,37,1)
rgb(195,0,36,1)
rgb(0,0,0)
rgb(156,220,232,1)
rgb(217,244,250,1)
rgb(215,244,249,1)
rgb(215,243,250,1)
rgb(0,0,0)
rgb(0,0,0)
rgb(194,0,38,1)
rgb(215,0,38,1)
rgb(236,0,44,1)
rgb(234,0,44,1)
rgb(215,0,36,1)
rgb(215,0,45,1)
rgb(217,0,38,1)
rgb(213,0,36,1)
rgb(194,0,36,1)
rgb(0,0,0)
rgb(0,0,0)
rgb(154,219,232,1)
rgb(184,237,244,1)
rgb(0,0,0)
rgb(0,0,0)
rgb(0,0,0)
rgb(196,0,38,1)
rgb(214,0,38,1)
rgb(233,0,46,1)
rgb(234,0,45,1)
rgb(235,0,51,1)
rgb(211,0,39,1)
rgb(214,0,36,1)
rgb(194,0,36,1)
rgb(191,0,39,1)
rgb(217,0,44,1)
rgb(0,0,0)
rgb(0,0,0)
rgb(0,0,0)
rgb(0,0,0)
rgb(0,0,0)
rgb(197,0,38,1)
rgb(212,0,41,1)
rgb(234,0,44,1)
rgb(234,0,44,1)
rgb(234,0,45,1)
rgb(215,0,43,1)
rgb(214,0,36,1)
rgb(214,0,45,1)
rgb(217,0,45,1)
rgb(215,0,39,1)
rgb(198,0,36,1)
rgb(0,0,0)
rgb(0,0,0)
rgb(0,0,0)
rgb(0,0,0)
rgb(0,0,0)
rgb(194,0,39,1)
rgb(217,0,44,1)
rgb(234,0,44,1)
rgb(233,0,46,1)
rgb(233,0,39,1)
rgb(234,0,45,1)
rgb(233,0,35,1)
rgb(215,0,39,1)
rgb(214,0,42,1)
rgb(215,0,39,1)
rgb(215,0,43,1)
rgb(200,0,38,1)
rgb(0,0,0)
rgb(0,0,0)
rgb(0,0,0)
rgb(0,0,0)
rgb(195,0,36,1)
rgb(215,0,39,1)
rgb(213,0,39,1)
rgb(217,0,45,1)
rgb(213,0,38,1)
rgb(215,0,43,1)
rgb(217,0,44,1)
rgb(213,0,39,1)
rgb(213,0,39,1)
rgb(216,0,37,1)
rgb(215,0,45,1)
rgb(214,0,36,1)
rgb(194,0,38,1)
rgb(142,197,210,1)
rgb(0,0,0)
rgb(139,199,212,1)
rgb(168,0,35,1)
rgb(193,0,32,1)
rgb(192,0,27,1)
rgb(193,0,44,1)
rgb(195,0,33,1)
rgb(196,0,38,1)
rgb(194,0,38,1)
rgb(194,0,39,1)
rgb(195,0,39,1)
rgb(195,0,37,1)
rgb(195,0,38,1)
rgb(196,0,37,1)
rgb(153,221,232,1)
rgb(182,238,244,1)
rgb(154,219,231,1)
rgb(157,220,234,1)
rgb(232,249,252,1)
rgb(233,248,251,1)
rgb(232,248,251,1)
rgb(233,250,251,1)
rgb(234,249,251,1)
rgb(233,249,253,1)
rgb(232,248,251,1)
rgb(234,248,252,1)
rgb(216,244,250,1)
rgb(217,244,249,1)
rgb(217,243,248,1)
rgb(216,243,250,1)
rgb(217,244,250,1)
rgb(187,237,244,1)
rgb(152,221,233,1)
rgb(157,221,231,1)
rgb(184,237,244,1)
rgb(214,244,251,1)
rgb(216,243,249,1)
rgb(216,244,250,1)
rgb(217,243,250,1)
rgb(217,244,250,1)
rgb(217,244,250,1)
rgb(218,243,249,1)
rgb(217,243,250,1)
rgb(216,243,248,1)
rgb(217,243,250,1)
rgb(217,244,250,1)
rgb(184,237,245,1)
rgb(184,237,246,1)
rgb(153,221,233,1)
rgb(156,221,234,1)
rgb(188,237,244,1)
rgb(213,244,251,1)
rgb(217,245,250,1)
rgb(214,245,250,1)
rgb(215,244,250,1)
rgb(216,244,250,1)
rgb(216,244,250,1)
rgb(217,243,250,1)
rgb(213,244,248,1)
rgb(219,244,250,1)
rgb(184,237,245,1)
rgb(182,238,243,1)
rgb(186,238,244,1)
rgb(152,222,232,1)
rgb(0,0,0)
rgb(0,0,0)
rgb(149,223,234,1)
rgb(156,221,234,1)
rgb(155,220,232,1)
rgb(153,221,232,1)
rgb(153,221,233,1)
rgb(154,222,232,1)
rgb(155,220,232,1)
rgb(156,220,232,1)
rgb(153,221,232,1)
rgb(152,220,232,1)
rgb(154,222,232,1)
rgb(153,221,232,1)
rgb(153,220,234,1)
rgb(0,0,0)
rgb(0,0,0)