rgb(0,0,0)
rgb(0,0,0)
rgb(99,106,134,1)
rgb(96,105,134,1)
rgb(97,107,134,1)
rgb(97,107,134,1)
rgb(99,106,135,1)
rgb(98,105,134,1)
rgb(96,107,129,1)
rgb(95,104,133,1)
rgb(97,107,132,1)
rgb(97,107,134,1)
rgb(95,107,133,1)
rgb(98,105,133,1)
rgb(0,0,0)
rgb(0,0,0)
rgb(0,0,0)
rgb(0,0,0)
rgb(86,91,121,1)
rgb(110,119,148,1)
rgb(95,106,128,1)
rgb(96,106,133,1)
rgb(108,117,146,1)
rgb(112,118,150,1)
rgb(145,153,199,1)
rgb(142,153,198,1)
rgb(144,152,198,1)
rgb(110,119,152,1)
rgb(110,118,154,1)
rgb(86,92,118,1)
rgb(0,0,0)
rgb(0,0,0)
rgb(0,0,0)
rgb(0,0,0)
rgb(88,93,123,1)
rgb(111,118,147,1)
rgb(100,106,132,1)
rgb(99,106,134,1)
rgb(109,118,149,1)
rgb(112,118,150,1)
rgb(144,153,194,1)
rgb(145,152,194,1)
rgb(147,154,198,1)
rgb(109,117,154,1)
rgb(108,117,148,1)
rgb(85,92,118,1)
rgb(0,0,0)
rgb(0,0,0)
rgb(0,0,0)
rgb(0,0,0)
rgb(85,93,116,1)
rgb(111,117,153,1)
rgb(98,103,135,1)
rgb(96,105,134,1)
rgb(109,118,151,1)
rgb(111,117,151,1)
rgb(143,153,202,1)
rgb(143,154,199,1)
rgb(144,152,198,1)
rgb(111,120,153,1)
rgb(111,117,153,1)
rgb(86,92,116,1)
rgb(0,0,0)
rgb(0,0,0)
rgb(0,0,0)
rgb(0,0,0)
rgb(85,90,122,1)
rgb(109,117,153,1)
rgb(96,106,131,1)
rgb(96,108,130,1)
rgb(108,117,148,1)
rgb(112,118,152,1)
rgb(144,152,198,1)
rgb(145,152,198,1)
rgb(146,154,201,1)
rgb(109,120,150,1)
rgb(109,115,149,1)
rgb(87,93,119,1)
rgb(0,0,0)
rgb(0,0,0)
rgb(88,92,121,1)
rgb(83,93,120,1)
rgb(84,93,122,1)
rgb(87,93,119,1)
rgb(87,92,122,1)
rgb(86,93,121,1)
rgb(85,92,120,1)
rgb(87,93,119,1)
rgb(86,91,120,1)
rgb(88,91,122,1)
rgb(85,92,120,1)
rgb(86,92,124,1)
rgb(86,91,120,1)
rgb(88,92,119,1)
rgb(84,94,119,1)
rgb(84,94,121,1)
rgb(0,0,0)
rgb(177,214,226,1)
rgb(174,216,225,1)
rgb(190,230,238,1)
rgb(193,229,238,1)
rgb(191,228,238,1)
rgb(193,229,238,1)
rgb(190,229,240,1)
rgb(190,230,238,1)
rgb(192,229,238,1)
rgb(193,229,238,1)
rgb(192,228,237,1)
rgb(190,230,237,1)
rgb(175,214,228,1)
rgb(174,215,226,1)
rgb(0,0,0)
rgb(0,0,0)
rgb(175,215,225,1)
rgb(221,247,251,1)
rgb(222,247,252,1)
rgb(83,109,138,1)
rgb(50,46,55,1)
rgb(222,247,251,1)
rgb(221,247,251,1)
rgb(222,247,252,1)
rgb(223,247,252,1)
rgb(80,109,127,1)
rgb(53,46,55,1)
rgb(220,247,252,1)
rgb(192,228,237,1)
rgb(177,215,229,1)
rgb(0,0,0)
rgb(0,0,0)
rgb(175,215,225,1)
rgb(221,247,252,1)
rgb(224,247,252,1)
rgb(251,253,254,1)
rgb(85,106,134,1)
rgb(221,247,252,1)
rgb(254,185,67,1)
rgb(252,141,31,1)
rgb(222,247,251,1)
rgb(251,253,254,1)
rgb(93,104,138,1)
rgb(224,247,252,1)
rgb(223,247,251,1)
rgb(175,215,225,1)
rgb(0,0,0)
rgb(0,0,0)
rgb(192,229,238,1)
rgb(222,247,252,1)
rgb(247,252,255,1)
rgb(247,252,255,1)
rgb(246,252,254,1)
rgb(253,186,64,1)
rgb(253,143,36,1)
rgb(241,136,49,1)
rgb(245,252,255,1)
rgb(250,253,254,1)
rgb(251,254,254,1)
rgb(245,253,254,1)
rgb(221,247,252,1)
rgb(193,230,235,1)
rgb(0,0,0)
rgb(0,0,0)
rgb(194,230,238,1)
rgb(223,247,252,1)
rgb(246,252,254,1)
rgb(245,252,254,1)
rgb(254,184,70,1)
rgb(243,134,50,1)
rgb(192,229,238,1)
rgb(247,252,254,1)
rgb(246,252,255,1)
rgb(246,252,254,1)
rgb(251,253,254,1)
rgb(247,252,255,1)
rgb(221,247,252,1)
rgb(188,229,238,1)
rgb(0,0,0)
rgb(0,0,0)
rgb(193,229,238,1)
rgb(221,247,251,1)
rgb(246,252,255,1)
rgb(230,86,70,1)
rgb(245,252,254,1)
rgb(247,252,255,1)
rgb(246,252,254,1)
rgb(247,252,255,1)
rgb(246,253,254,1)
rgb(247,252,255,1)
rgb(231,83,68,1)
rgb(246,252,254,1)
rgb(222,247,252,1)
rgb(192,228,238,1)
rgb(0,0,0)
rgb(0,0,0)
rgb(0,0,0)
rgb(193,228,238,1)
rgb(224,247,252,1)
rgb(246,252,254,1)
rgb(232,80,68,1)
rgb(231,82,61,1)
rgb(229,86,70,1)
rgb(231,83,70,1)
rgb(232,83,71,1)
rgb(230,85,70,1)
rgb(247,252,255,1)
rgb(222,247,251,1)
rgb(193,228,238,1)
rgb(0,0,0)
rgb(0,0,0)
rgb(0,0,0)
rgb(0,0,0)
rgb(170,216,221,1)
rgb(189,229,237,1)
rgb(246,252,255,1)
rgb(246,252,255,1)
rgb(247,252,255,1)
rgb(246,253,254,1)
rgb(222,247,251,1)
rgb(221,248,252,1)
rgb(224,247,252,1)
rgb(246,252,255,1)
rgb(194,230,238,1)
rgb(173,214,226,1)
rgb(0,0,0)
rgb(0,0,0)
rgb(0,0,0)
rgb(193,229,238,1)
rgb(222,247,252,1)
rgb(222,247,252,1)
rgb(191,228,237,1)
rgb(191,229,236,1)
rgb(190,231,238,1)
rgb(190,230,238,1)
rgb(192,229,238,1)
rgb(192,228,236,1)
rgb(192,228,236,1)
rgb(192,230,235,1)
rgb(223,246,252,1)
rgb(223,247,252,1)
rgb(192,229,239,1)
rgb(0,0,0)
rgb(191,228,237,1)
rgb(220,247,252,1)
rgb(222,247,251,1)
rgb(223,247,252,1)
rgb(222,247,252,1)
rgb(222,247,252,1)
rgb(221,247,251,1)
rgb(222,247,252,1)
rgb(224,247,252,1)
rgb(222,247,252,1)
rgb(222,247,252,1)
rgb(222,247,252,1)
rgb(222,247,251,1)
rgb(221,247,251,1)
rgb(224,247,252,1)
rgb(191,228,238,1)