rgb(0,0,0)
rgb(0,0,0)
rgb(0,0,0)
rgb(0,0,0)
rgb(186,233,240,1)
rgb(197,239,244,1)
rgb(206,237,244,1)
rgb(217,240,244,1)
rgb(217,242,244,1)
rgb(217,246,250,1)
rgb(208,245,250,1)
rgb(208,245,249,1)
rgb(208,245,250,1)
rgb(182,235,243,1)
rgb(183,234,241,1)
rgb(0,0,0)
rgb(0,0,0)
rgb(0,0,0)
rgb(0,0,0)
rgb(182,236,242,1)
rgb(255,255,255)
rgb(255,255,255)
rgb(255,255,255)
rgb(255,255,255)
rgb(255,255,255)
rgb(255,255,255)
rgb(255,255,255)
rgb(255,255,255)
rgb(255,255,255)
rgb(182,235,243,1)
rgb(0,0,0)
rgb(181,234,241,1)
rgb(0,0,0)
rgb(0,0,0)
rgb(0,0,0)
rgb(182,235,242,1)
rgb(255,255,255)
rgb(255,255,255)
rgb(255,255,255)
rgb(255,255,255)
rgb(255,255,255)
rgb(255,255,255)
rgb(255,255,255)
rgb(255,255,255)
rgb(185,234,243,1)
rgb(0,0,0)
rgb(0,0,0)
rgb(182,234,243,1)
rgb(0,0,0)
rgb(0,0,0)
rgb(0,0,0)
rgb(186,234,243,1)
rgb(207,246,249,1)
rgb(231,249,251,1)
rgb(255,255,255)
rgb(255,255,255)
rgb(255,255,255)
rgb(255,255,255)
rgb(231,249,252,1)
rgb(208,246,250,1)
rgb(182,235,243,1)
rgb(0,0,0)
rgb(0,0,0)
rgb(0,0,0)
rgb(0,0,0)
rgb(0,0,0)
rgb(0,0,0)
rgb(0,0,0)
rgb(255,0,0)
rgb(255,0,0)
rgb(255,0,0)
rgb(255,0,0)
rgb(255,0,0)
rgb(255,0,0)
rgb(255,0,0)
rgb(255,0,0)
rgb(255,0,0)
rgb(0,0,0)
rgb(0,0,0)
rgb(0,0,0)
rgb(0,0,0)
rgb(0,0,0)
rgb(0,0,0)
rgb(0,0,0)
rgb(255,0,0)
rgb(255,255,255)
rgb(254,0,57,1)
rgb(255,255,255)
rgb(233,56,86,1)
rgb(255,255,255)
rgb(248,0,40,1)
rgb(255,255,255)
rgb(255,0,0)
rgb(0,0,0)
rgb(0,0,0)
rgb(0,0,0)
rgb(0,0,0)
rgb(0,0,0)
rgb(0,0,0)
rgb(0,0,0)
rgb(255,0,0)
rgb(246,0,41,1)
rgb(247,44,86,1)
rgb(233,51,93,1)
rgb(232,55,81,1)
rgb(234,0,49,1)
rgb(249,0,40,1)
rgb(249,0,34,1)
rgb(255,0,0)
rgb(0,0,0)
rgb(0,0,0)
rgb(0,0,0)
rgb(0,0,0)
rgb(0,0,0)
rgb(0,0,0)
rgb(0,0,0)
rgb(225,0,6,1)
rgb(251,47,84,1)
rgb(234,54,86,1)
rgb(231,54,80,1)
rgb(229,10,62,1)
rgb(242,0,45,1)
rgb(249,0,40,1)
rgb(220,0,0,1)
rgb(255,0,0)
rgb(0,0,0)
rgb(0,0,0)
rgb(0,0,0)
rgb(0,0,0)
rgb(0,0,0)
rgb(0,0,0)
rgb(0,0,0)
rgb(204,38,50,1)
rgb(237,52,91,1)
rgb(232,51,88,1)
rgb(226,5,60,1)
rgb(233,0,39,1)
rgb(248,0,39,1)
rgb(215,0,0,1)
rgb(215,0,0,1)
rgb(255,0,0)
rgb(0,0,0)
rgb(0,0,0)
rgb(0,0,0)
rgb(0,0,0)
rgb(0,0,0)
rgb(0,0,0)
rgb(210,27,47,1)
rgb(228,47,80,1)
rgb(225,10,66,1)
rgb(220,0,47,1)
rgb(235,0,40,1)
rgb(251,0,40,1)
rgb(215,0,0,1)
rgb(216,0,0,1)
rgb(255,0,0)
rgb(255,0,0)
rgb(0,0,0)
rgb(0,0,0)
rgb(0,0,0)
rgb(0,0,0)
rgb(0,0,0)
rgb(191,0,0,1)
rgb(220,0,45,1)
rgb(224,0,26,1)
rgb(231,0,31,1)
rgb(242,0,39,1)
rgb(246,0,38,1)
rgb(251,0,50,1)
rgb(216,0,0,1)
rgb(255,0,0)
rgb(217,0,0,1)
rgb(198,0,0,1)
rgb(0,0,0)
rgb(0,0,0)
rgb(0,0,0)
rgb(0,0,0)
rgb(214,0,0,1)
rgb(248,0,33,1)
rgb(248,0,39,1)
rgb(253,0,44,1)
rgb(248,0,43,1)
rgb(248,0,43,1)
rgb(250,0,49,1)
rgb(245,0,39,1)
rgb(255,0,0)
rgb(255,0,0)
rgb(196,0,0,1)
rgb(0,0,0)
rgb(0,0,0)
rgb(0,0,0)
rgb(0,0,0)
rgb(214,0,0,1)
rgb(255,0,0)
rgb(249,0,44,1)
rgb(250,0,43,1)
rgb(248,0,43,1)
rgb(253,0,44,1)
rgb(248,0,25,1)
rgb(250,0,41,1)
rgb(250,0,49,1)
rgb(216,0,0,1)
rgb(197,0,0,1)
rgb(0,0,0)
rgb(0,0,0)
rgb(0,0,0)
rgb(0,0,0)
rgb(0,0,0)
rgb(217,0,0,1)
rgb(255,0,0)
rgb(255,0,0)
rgb(251,0,42,1)
rgb(248,0,48,1)
rgb(250,0,41,1)
rgb(248,0,43,1)
rgb(250,0,43,1)
rgb(219,0,0,1)
rgb(196,0,0,1)
rgb(0,0,0)
rgb(0,0,0)
rgb(0,0,0)
rgb(0,0,0)
rgb(0,0,0)
rgb(0,0,0)
rgb(197,0,0,1)
rgb(215,0,0,1)
rgb(255,0,0)
rgb(255,0,0)
rgb(255,0,0)
rgb(255,0,0)
rgb(255,0,0)
rgb(255,0,0)
rgb(197,0,0,1)
rgb(0,0,0)
rgb(0,0,0)
rgb(0,0,0)
rgb(0,0,0)
rgb(0,0,0)
rgb(0,0,0)
rgb(0,0,0)
rgb(0,0,0)
rgb(198,0,0,1)
rgb(197,0,0,1)
rgb(193,0,0,1)
rgb(198,0,0,1)
rgb(198,0,0,1)
rgb(197,0,0,1)
rgb(198,0,0,1)
rgb(0,0,0)
rgb(0,0,0)
rgb(0,0,0)
rgb(0,0,0)
rgb(0,0,0)
rgb(0,0,0)
rgb(0,0,0)
rgb(0,0,0)