rgb(0,0,0)
rgb(0,0,0)
rgb(0,0,0)
rgb(0,0,0)
rgb(0,0,0)
rgb(0,0,0)
rgb(0,0,0)
rgb(255,211,62)
rgb(254,209,56)
rgb(0,0,0)
rgb(0,0,0)
rgb(0,0,0)
rgb(0,0,0)
rgb(0,0,0)
rgb(0,0,0)
rgb(0,0,0)
rgb(0,0,0)
rgb(0,0,0)
rgb(0,0,0)
rgb(0,0,0)
rgb(0,0,0)
rgb(0,0,0)
rgb(253,210,56)
rgb(250,172,22)
rgb(253,172,28)
rgb(250,171,26)
rgb(0,0,0)
rgb(0,0,0)
rgb(0,0,0)
rgb(0,0,0)
rgb(0,0,0)
rgb(0,0,0)
rgb(0,0,0)
rgb(0,0,0)
rgb(0,0,0)
rgb(0,0,0)
rgb(0,0,0)
rgb(0,0,0)
rgb(0,0,0)
rgb(222,144,36)
rgb(251,171,24)
rgb(0,0,0)
rgb(0,0,0)
rgb(0,0,0)
rgb(0,0,0)
rgb(0,0,0)
rgb(0,0,0)
rgb(0,0,0)
rgb(0,0,0)
rgb(0,0,0)
rgb(0,0,0)
rgb(0,0,0)
rgb(0,0,0)
rgb(0,0,0)
rgb(0,0,0)
rgb(20,93,47)
rgb(16,93,47)
rgb(0,0,0)
rgb(0,0,0)
rgb(0,0,0)
rgb(0,0,0)
rgb(0,0,0)
rgb(0,0,0)
rgb(0,0,0)
rgb(0,0,0)
rgb(0,0,0)
rgb(0,0,0)
rgb(0,0,0)
rgb(0,0,0)
rgb(0,0,0)
rgb(16,94,46)
rgb(18,111,56)
rgb(243,94,98)
rgb(16,92,45)
rgb(0,0,0)
rgb(0,0,0)
rgb(0,0,0)
rgb(0,0,0)
rgb(0,0,0)
rgb(0,0,0)
rgb(0,0,0)
rgb(0,0,0)
rgb(0,0,0)
rgb(0,0,0)
rgb(0,0,0)
rgb(16,93,47)
rgb(19,112,57)
rgb(20,110,58)
rgb(18,113,55)
rgb(15,143,69)
rgb(20,93,48)
rgb(0,0,0)
rgb(0,0,0)
rgb(0,0,0)
rgb(0,0,0)
rgb(0,0,0)
rgb(0,0,0)
rgb(0,0,0)
rgb(0,0,0)
rgb(0,0,0)
rgb(19,92,46)
rgb(19,113,60)
rgb(240,95,100)
rgb(23,112,56)
rgb(21,111,57)
rgb(251,172,27)
rgb(15,143,69)
rgb(15,94,49)
rgb(0,0,0)
rgb(0,0,0)
rgb(0,0,0)
rgb(0,0,0)
rgb(0,0,0)
rgb(0,0,0)
rgb(0,0,0)
rgb(209,34,41)
rgb(0,0,0)
rgb(17,92,49)
rgb(18,95,43)
rgb(207,31,41)
rgb(15,94,47)
rgb(17,93,46)
rgb(15,93,43)
rgb(0,0,0)
rgb(207,30,38)
rgb(0,0,0)
rgb(0,0,0)
rgb(0,0,0)
rgb(0,0,0)
rgb(0,0,0)
rgb(0,0,0)
rgb(0,0,0)
rgb(16,93,47)
rgb(19,112,57)
rgb(18,113,57)
rgb(22,112,58)
rgb(23,112,58)
rgb(21,111,57)
rgb(16,142,68)
rgb(20,91,47)
rgb(0,0,0)
rgb(0,0,0)
rgb(0,0,0)
rgb(0,0,0)
rgb(0,0,0)
rgb(0,0,0)
rgb(0,0,0)
rgb(19,92,46)
rgb(22,113,56)
rgb(251,171,24)
rgb(22,112,60)
rgb(18,111,56)
rgb(239,94,97)
rgb(18,112,60)
rgb(21,111,60)
rgb(206,32,42)
rgb(18,94,47)
rgb(0,0,0)
rgb(0,0,0)
rgb(0,0,0)
rgb(0,0,0)
rgb(0,0,0)
rgb(15,94,46)
rgb(207,31,41)
rgb(23,111,60)
rgb(23,110,57)
rgb(17,112,54)
rgb(20,113,58)
rgb(21,111,57)
rgb(22,110,59)
rgb(20,113,56)
rgb(15,113,54)
rgb(17,141,71)
rgb(19,92,47)
rgb(0,0,0)
rgb(0,0,0)
rgb(0,0,0)
rgb(207,31,41)
rgb(0,0,0)
rgb(19,95,49)
rgb(17,110,53)
rgb(20,113,58)
rgb(243,92,99)
rgb(18,110,61)
rgb(251,173,25)
rgb(20,114,61)
rgb(238,93,100)
rgb(23,113,59)
rgb(19,92,47)
rgb(0,0,0)
rgb(206,32,42)
rgb(0,0,0)
rgb(0,0,0)
rgb(0,0,0)
rgb(0,0,0)
rgb(0,0,0)
rgb(23,91,50)
rgb(16,93,47)
rgb(17,95,45)
rgb(19,92,46)
rgb(20,91,47)
rgb(20,91,47)
rgb(22,93,49)
rgb(17,93,46)
rgb(0,0,0)
rgb(0,0,0)
rgb(0,0,0)
rgb(0,0,0)
rgb(0,0,0)
rgb(0,0,0)
rgb(0,0,0)
rgb(204,33,41)
rgb(0,0,0)
rgb(0,0,0)
rgb(0,0,0)
rgb(84,50,15)
rgb(85,49,17)
rgb(0,0,0)
rgb(0,0,0)
rgb(0,0,0)
rgb(208,32,42)
rgb(0,0,0)
rgb(0,0,0)
rgb(0,0,0)
rgb(0,0,0)
rgb(0,0,0)
rgb(0,0,0)
rgb(0,0,0)
rgb(0,0,0)
rgb(0,0,0)
rgb(0,0,0)
rgb(113,74,31)
rgb(114,71,29)
rgb(0,0,0)
rgb(0,0,0)
rgb(0,0,0)
rgb(0,0,0)
rgb(0,0,0)
rgb(0,0,0)
rgb(0,0,0)
rgb(0,0,0)
rgb(0,0,0)
rgb(0,0,0)
rgb(0,0,0)
rgb(0,0,0)
rgb(0,0,0)
rgb(0,0,0)
rgb(114,71,29)
rgb(112,74,29)
rgb(0,0,0)
rgb(0,0,0)
rgb(0,0,0)
rgb(0,0,0)
rgb(0,0,0)
rgb(0,0,0)
rgb(0,0,0)