rgb(0,0,0)
rgb(0,0,0)
rgb(0,0,0)
rgb(0,0,0)
rgb(0,0,0)
rgb(0,0,0)
rgb(22,176,78)
rgb(224,32,47)
rgb(224,32,43)
rgb(24,176,75)
rgb(25,174,72)
rgb(0,0,0)
rgb(0,0,0)
rgb(0,0,0)
rgb(0,0,0)
rgb(0,0,0)
rgb(0,0,0)
rgb(0,0,0)
rgb(0,0,0)
rgb(0,0,0)
rgb(0,0,0)
rgb(23,176,70)
rgb(16,143,66)
rgb(236,56,85)
rgb(241,59,84)
rgb(239,58,89)
rgb(18,94,48)
rgb(16,142,69)
rgb(0,0,0)
rgb(0,0,0)
rgb(0,0,0)
rgb(0,0,0)
rgb(0,0,0)
rgb(0,0,0)
rgb(0,0,0)
rgb(0,0,0)
rgb(222,32,42)
rgb(13,143,69)
rgb(15,141,67)
rgb(14,144,70)
rgb(190,34,38)
rgb(189,32,39)
rgb(239,61,85)
rgb(21,93,47)
rgb(17,140,73)
rgb(0,0,0)
rgb(0,0,0)
rgb(0,0,0)
rgb(0,0,0)
rgb(0,0,0)
rgb(0,0,0)
rgb(222,32,42)
rgb(241,58,86)
rgb(226,31,45)
rgb(15,142,71)
rgb(18,91,48)
rgb(18,94,45)
rgb(187,34,37)
rgb(188,35,38)
rgb(12,142,70)
rgb(224,32,45)
rgb(222,30,45)
rgb(0,0,0)
rgb(0,0,0)
rgb(0,0,0)
rgb(0,0,0)
rgb(0,0,0)
rgb(15,142,73)
rgb(238,61,81)
rgb(223,34,41)
rgb(223,33,45)
rgb(0,0,0)
rgb(0,0,0)
rgb(0,0,0)
rgb(0,0,0)
rgb(190,35,41)
rgb(223,28,42)
rgb(238,60,84)
rgb(0,0,0)
rgb(0,0,0)
rgb(0,0,0)
rgb(0,0,0)
rgb(0,0,0)
rgb(15,143,69)
rgb(23,175,75)
rgb(224,32,45)
rgb(226,31,47)
rgb(0,0,0)
rgb(0,0,0)
rgb(0,0,0)
rgb(0,0,0)
rgb(189,34,42)
rgb(224,32,43)
rgb(15,141,68)
rgb(0,0,0)
rgb(0,0,0)
rgb(0,0,0)
rgb(0,0,0)
rgb(0,0,0)
rgb(11,143,70)
rgb(26,175,71)
rgb(15,143,69)
rgb(219,31,45)
rgb(0,0,0)
rgb(0,0,0)
rgb(0,0,0)
rgb(0,0,0)
rgb(15,93,45)
rgb(14,141,70)
rgb(16,143,74)
rgb(0,0,0)
rgb(0,0,0)
rgb(0,0,0)
rgb(0,0,0)
rgb(0,0,0)
rgb(222,32,44)
rgb(21,176,72)
rgb(16,140,70)
rgb(18,94,48)
rgb(0,0,0)
rgb(0,0,0)
rgb(0,0,0)
rgb(0,0,0)
rgb(0,0,0)
rgb(0,0,0)
rgb(0,0,0)
rgb(0,0,0)
rgb(0,0,0)
rgb(0,0,0)
rgb(0,0,0)
rgb(0,0,0)
rgb(223,33,45)
rgb(240,60,85)
rgb(17,141,69)
rgb(18,93,50)
rgb(0,0,0)
rgb(0,0,0)
rgb(0,0,0)
rgb(0,0,0)
rgb(0,0,0)
rgb(0,0,0)
rgb(0,0,0)
rgb(0,0,0)
rgb(0,0,0)
rgb(0,0,0)
rgb(0,0,0)
rgb(0,0,0)
rgb(225,31,42)
rgb(239,60,82)
rgb(224,34,44)
rgb(17,93,47)
rgb(0,0,0)
rgb(0,0,0)
rgb(0,0,0)
rgb(0,0,0)
rgb(0,0,0)
rgb(0,0,0)
rgb(0,0,0)
rgb(0,0,0)
rgb(0,0,0)
rgb(0,0,0)
rgb(0,0,0)
rgb(0,0,0)
rgb(16,141,73)
rgb(239,59,84)
rgb(223,31,42)
rgb(224,32,43)
rgb(0,0,0)
rgb(0,0,0)
rgb(0,0,0)
rgb(0,0,0)
rgb(0,0,0)
rgb(0,0,0)
rgb(0,0,0)
rgb(0,0,0)
rgb(0,0,0)
rgb(0,0,0)
rgb(0,0,0)
rgb(0,0,0)
rgb(13,143,69)
rgb(24,174,77)
rgb(226,31,45)
rgb(220,32,46)
rgb(0,0,0)
rgb(0,0,0)
rgb(0,0,0)
rgb(0,0,0)
rgb(0,0,0)
rgb(0,0,0)
rgb(0,0,0)
rgb(0,0,0)
rgb(0,0,0)
rgb(0,0,0)
rgb(0,0,0)
rgb(0,0,0)
rgb(16,142,71)
rgb(24,176,75)
rgb(16,142,69)
rgb(224,32,47)
rgb(0,0,0)
rgb(0,0,0)
rgb(0,0,0)
rgb(0,0,0)
rgb(0,0,0)
rgb(0,0,0)
rgb(0,0,0)
rgb(0,0,0)
rgb(0,0,0)
rgb(0,0,0)
rgb(0,0,0)
rgb(0,0,0)
rgb(224,32,43)
rgb(24,174,75)
rgb(13,144,68)
rgb(19,92,47)
rgb(0,0,0)
rgb(0,0,0)
rgb(0,0,0)
rgb(0,0,0)
rgb(0,0,0)
rgb(0,0,0)
rgb(0,0,0)
rgb(0,0,0)
rgb(0,0,0)
rgb(0,0,0)
rgb(0,0,0)
rgb(0,0,0)
rgb(220,32,46)
rgb(239,60,82)
rgb(16,140,68)
rgb(19,92,47)
rgb(0,0,0)
rgb(0,0,0)
rgb(0,0,0)
rgb(0,0,0)
rgb(0,0,0)
rgb(0,0,0)
rgb(0,0,0)
rgb(0,0,0)
rgb(0,0,0)
rgb(0,0,0)
rgb(0,0,0)
rgb(0,0,0)
rgb(13,143,69)
rgb(238,59,80)
rgb(224,32,45)
rgb(19,92,46)
rgb(0,0,0)
rgb(0,0,0)
rgb(0,0,0)
rgb(0,0,0)
rgb(0,0,0)
rgb(0,0,0)
rgb(0,0,0)
rgb(0,0,0)
rgb(0,0,0)